6101
6102
6103
6104
6105
6106
6107
6108
6109
6110
6111
6112
6113
6114
6115
6116
6117
6118
6119
6120
6122
6123
6124
6125
6150
6151
6152
6153
6155
6156
6201
6202
6205
6206
6207
6208
6209
6210
6250
6251
6252
6253
6254
6255
6256
6257
6258
6301
6302
6303
6304
6305
6306
6307
6350
6351
6352
6353
6354
6355
6356
6357
6401
6402
6403
6404
6408
6409
6410
6411
6412
6413
6414
6415
6501
6502
6503
6550
6551
6552
6553
6554
6555
6556
6557
6603
6901
6902
6903
6904
6905
6906
6907
6908
6909
6910
6911
6912
6913
6914
6915
6916
6917
6918
6919
6920
6921
6922
6923
6924
6925
6929
6931
6932
6949