1101
1102
1111
1113
1116
1117
1118
1120
1121
1122
1124
1125
1126
1150
1151
1152
1153
1154
1201
1202
1203
1204
1205
1206
1207
1208
1209
1250
1251
1252
1253
1254
1255
1256
1257
1301
1302
1303
1304
1305
1306
1350
1351
1352
1353
1354
1355
1356
1401
1403
1406
1407
1408
1409
1410
1411
1414
1415
1450
1451
1452
1501
1503
1504
1550
1551
1552
1553
1554
1555
1556
1557
1601
1602
1603
1901
1902
1903
1904
1905
1906
1907
1908
1909
1910
1911
1912
1913
1914
1915
1916
1917
1918
1919
1920
1921
1922
1923
1924
1925
1926
1949
