5101
5102
5103
5104
5105
5106
5109
5110
5111
5112
5113
5114
5115
5116
5117
5118
5119
5120
5122
5123
5124
5125
5150
5151
5152
5153
5155
5156
5201
5202
5205
5206
5207
5208
5209
5210
5250
5251
5252
5253
5254
5255
5256
5257
5258
5301
5302
5303
5304
5305
5306
5307
5350
5351
5352
5353
5354
5355
5356
5357
5401
5402
5403
5405
5408
5409
5410
5411
5412
5413
5414
5415
5450
5451
5501
5502
5503
5550
5551
5552
5553
5554
5555
5556
5557
5601
5602
5603
5901
5902
5903
5904
5905
5906
5907
5908
5909
5910
5911
5912
5913
5914
5915
5916
5917
5918
5919
5920
5921
5922
5923
5924
5925
5926
5927
5928
5929
5931
5932
5949
